-9.92199219921992	0.0480800943500435
-9.86398639863987	-0.0412299121907198
-9.77597759775978	0.000923220828980442
-9.74797479747975	-0.0307892939284462
-9.35993599359936	-0.110646157825455
-9.32793279327933	-0.112944787376588
-9.21992199219922	-0.164840358067094
-9.18391839183918	-0.101541705132414
-9.12191219121912	-0.186532050528661
-9.09790979097910	-0.223921999891064
-9.01790179017902	-0.262588273613073
-9.01590159015902	-0.322045317004155
-9.00990099009901	-0.285877665727492
-8.92989298929893	-0.870183892815371
-8.82988298829883	-0.368946540271255
-8.82788278827883	-0.371245169822388
-8.76387638763876	-0.353341092056002
-8.67786778677868	-0.355639721607136
-8.58985898589859	-0.318717638004988
-8.49184918491849	-0.340434353413223
-8.47584758475848	-0.424411013978624
-8.45984598459846	-0.426709643529757
-8.40984098409841	-0.494966240872688
-8.38583858385839	-0.452813107852988
-8.20982098209821	-0.455111737404122
-7.68176817681768	-0.457410366955255
-7.59975997599760	-0.481687903225164
-7.48774877487749	-0.320357108994495
-7.46974697469747	-0.215410208192031
-7.42574257425743	-0.152111555257352
-7.40574057405741	-0.0208787921839624
-7.35573557355736	-0.0371636637098358
-7.32373237323732	-0.0394622932609694
-7.29572957295730	-0.000375706649248908
-7.26372637263726	-0.0162799882561608
-7.13571357135714	-0.0463581819143701
-7.09970997099710	-0.0486568114655033
-7.03770377037704	-0.0651400760085934
-6.95169516951695	-0.111241328218120
-6.77367736773677	-0.191098192115128
-6.71167116711671	-0.177396480319820
-6.70567056705671	-0.228485274040386
-6.67166716671667	-0.230783903591520
-6.54365436543654	-0.153039825469117
-6.53165316531653	-0.170842641556215
-6.48564856485649	-0.0835291124176616
-6.38363836383638	0.0601261706542848
-6.37763776377638	0.258498236565302
-6.31563156315632	0.343210984003798
-6.27562756275628	0.293510115558081
-6.22162216221622	0.300873396918684
-6.15961596159616	0.228894846729561
-6.13361336133613	0.205762130275585
-6.09360936093609	0.234554087794483
-6.02360236023602	0.232255458243350
-5.96759675967597	0.209337541489480
-5.85958595859586	0.153550226987361
-5.51155115511551	0.140201761249642
-5.32753275327533	0.115430275846450
-5.22152215221522	0.0784460883074263
-5.15151515151515	1.12009379940061
-4.85548554855486	0.0379168199790958
-4.84748474847485	0.0233480978361484
-4.72547254725473	-0.00395183392040233
-4.62346234623462	-0.0449649756522268
-4.46144614461446	0.0287223017745619
-4.37943794379438	0.00173105963305664
-3.90339033903390	0.0241250426722948
-3.39533953395340	0.168984057457449
-3.31933193319332	0.197776014976347
-3.15531553155316	0.185220885258024
-3.12931293129313	0.182922255706890
-3.11931193119312	0.190880126322946
-3.02530253025303	1.94857338083836
-2.96729672967297	0.255275738707630
-2.95929592959296	0.308546960311308
-2.95329532953295	2.29850456316925
-2.66526652665267	-0.143060274464014
-2.57525752575258	0.474922792931944
-2.47724772477248	0.465019563995591
-2.41324132413241	0.439553875162923
-2.39523952395240	0.397409337064590
-2.32723272327233	0.292456553453373
-2.24722472247225	0.234588072747429
-2.06920692069207	0.193449609880031
-2.03720372037204	0.201003276771909
-1.93919391939194	0.168851684071095
-1.78517851785178	0.156400683055943
-1.68716871687169	0.154102053504810
-1.60516051605160	0.131184136750941
-1.57515751575158	0.149504794402543
-1.52315231523152	-0.318003041694156
-1.35313531353135	0.155059906764294
-1.12711271127113	0.132352405581953
-1.04710471047105	0.130053776030819
-0.893089308930893	0.106921059576844
-0.883088308830883	0.0940403206951732
-0.793079307930793	0.0257837233522427
-0.655065506550654	-0.0112004641867811
-0.573057305730574	-0.0253335513849176
-0.297029702970297	-0.0639998251069258
-0.269026902690269	-0.0540283620662452
-0.263026302630262	-0.119240817027948
-0.227022702270228	-0.147856754896455
0.0150015001500154	-0.150155384447589
0.0870087008700864	-0.165877034330863
0.161016101610160	-0.141507416799834
0.259025902590260	-0.157051273100989
0.263026302630262	-0.159349902652123
0.455045504550455	-0.135331223885883
0.517051705170518	-0.0747160280264470
0.539053905390539	-0.0178257861872502
0.611061106110611	0.0137771359372980
0.917091709170917	0.0114785063861644
0.995099509950995	0.0202297130216160
1.06910691069107	0.0503663592236365
1.11711171117112	0.0794839259058815
1.24512451245124	0.0874417965219374
1.31513151315131	0.0748866668036143
1.39713971397140	0.0411718410191018
1.54315431543154	0.0599266206658009
1.66316631663166	0.0258792928000871
1.70117011701170	0.0235806632489535
1.85318531853185	0.0425594321451053
2.12121212121212	-0.0249797192744294
2.16521652165217	-0.0161050482274376
2.22722272227223	-0.0755620916185200
2.25722572257226	-0.0896951788166565
2.26922692269227	-0.0684633109575961
2.40924092409241	-2.17102442128362
2.49924992499250	-0.0275981959831055
2.50325032503250	-0.0410701261323645
2.64526452645265	-0.0321954550853723
2.66126612661266	-0.103486956123457
2.78527852785279	-0.0706942658633212
3.06330633063306	-0.0845537178155307
3.12731273127313	-0.122359035823574
3.13331333133313	-0.136779025907052
3.20332033203320	-0.151347748050000
3.27732773277328	-0.141376285009319
3.39133913391339	-0.107742905334390
3.70937093709371	-0.0640564216436994
3.72337233723372	-0.0663550511948330
3.78337833783378	-0.0574803801478412
3.79337933793379	-0.0709523102971001
3.82738273827383	-0.0732509398482337
4.11141114111411	-0.0982778204769237
4.18941894189419	-0.0666748983523755
4.24342434243424	-0.114435901980267
4.32743274327433	-0.105173709130324
4.41144114411441	-0.119033161082533
4.46344634463446	-0.0870427171550348
4.65946594659466	-0.0561891393892680
4.90349034903490	0.0248938399986498
4.95149514951495	0.108772906688568
5.02750275027503	0.115606760700707
5.08150815081508	-0.619398141202965
5.20152015201520	0.129028007101118
5.78157815781578	0.117760707567225
5.92759275927593	0.115462078016091
5.97959795979598	0.148565375515874
6.09760976097610	0.119833488896584
6.26362636263626	0.0903838702795001
6.27362736273627	0.0601764526112900
6.38563856385639	0.0291677171777249
6.41764176417642	0.0171129126812266
6.45564556455646	-0.0150386800195879
6.49764976497650	-0.00728697371721943
6.49964996499650	-0.0504075977886083
6.71167116711671	-0.0952658417585379
6.72367236723672	-0.0654761567581708
7.07770777077708	0.781124832556551
7.17571757175718	-0.158042188806395
7.19771977197720	-0.148912122533906
7.22972297229723	-0.185896310072930
7.25572557255726	-0.188194939624063
7.27572757275728	-0.226425578401260
7.30573057305731	-0.216602847420048
7.37973797379738	-0.195090828277464
7.39973997399740	-0.151404344586774
7.50575057505751	-0.0990445616000431
7.85578557855786	-0.0196651601369098
7.89778977897790	0.0351946241519054
8.00780078007801	0.210577171838224
8.00980098009801	0.325199880345993
8.23582358235824	0.356802802470541
8.24582458245824	-0.266315703110588
8.25382538253825	0.338782523036133
8.37983798379838	0.329704206499621
8.39783978397840	0.320579611878088
8.43184318431843	0.331886634382732
8.68586858685869	0.252356656895609
8.68786878687869	0.242731987252403
8.78987898789879	0.233053250403647
8.80188018801880	0.200677165615235
8.87388738873888	0.175211476782567
8.89988998899890	0.157164490263294
8.93789378937894	0.130768309133101
9.17991799179918	0.0869699486752142
9.44794479447945	0.101478437440462