-9.88198819881988	0.0480800943500435
-9.78397839783978	-0.0412299121907198
-9.73797379737974	0.000923220828980442
-9.69996999699970	-0.0307892939284462
-9.63596359635964	-0.110646157825455
-9.58795879587959	-0.112944787376588
-9.42794279427943	-0.164840358067094
-9.14791479147915	-0.101541705132414
-9.13591359135914	-0.186532050528661
-9.07390739073907	-0.223921999891064
-8.90589058905891	-0.262588273613073
-8.88988898889889	-0.322045317004155
-8.83588358835884	-0.285877665727492
-8.79987998799880	-0.326642576106422
-8.72587258725873	-0.368946540271255
-8.47384738473847	-0.371245169822388
-8.25182518251825	-0.655341379764921
-8.03780378037804	-0.355639721607136
-7.97179717971797	-0.318717638004988
-7.92979297929793	-0.340434353413223
-7.90179017901790	-0.424411013978624
-7.89378937893789	-0.426709643529757
-7.85378537853785	-0.494966240872688
-7.55575557555756	-0.452813107852988
-7.42174217421742	-0.455111737404122
-7.39173917391739	-0.457410366955255
-7.26372637263726	-0.481687903225164
-7.12371237123712	-0.320357108994495
-7.09570957095710	-0.215410208192031
-7.02170217021702	-0.152111555257352
-6.89168916891689	-0.0208787921839624
-6.86968696869687	-0.0371636637098358
-6.82168216821682	-0.0394622932609694
-6.77767776777678	-0.000375706649248908
-6.75367536753675	-0.0162799882561608
-6.68766876687669	-0.0463581819143701
-6.54365436543654	-0.0486568114655033
-6.52165216521652	0.156009157280487
-6.48364836483648	-0.111241328218120
-6.39963996399640	-0.191098192115128
-6.22762276227623	-0.177396480319820
-6.17961796179618	-0.228485274040386
-6.17161716171617	-0.230783903591520
-5.95159515951595	-0.153039825469117
-5.93359335933593	1.03227447649915
-5.86358635863586	-0.0835291124176616
-5.78957895789579	0.0601261706542848
-5.62156215621562	0.258498236565302
-5.60956095609561	0.343210984003798
-5.53955395539554	0.293510115558081
-5.42954295429543	0.300873396918684
-5.42154215421542	0.228894846729561
-5.38553855385539	0.205762130275585
-5.34553455345535	0.234554087794483
-5.33753375337534	0.232255458243350
-5.23752375237524	0.209337541489480
-5.11751175117512	0.153550226987361
-5.07350735073507	0.140201761249642
-5.01750175017502	0.115430275846450
-4.82548254825483	0.0784460883074263
-4.64746474647465	0.0523368100625743
-4.54145414541454	0.0379168199790958
-4.48944894489449	0.0233480978361484
-4.37743774377438	-0.00395183392040233
-4.36943694369437	-0.0449649756522268
-4.35143514351435	0.0287223017745619
-4.34943494349435	0.00173105963305664
-4.34343434343434	0.0241250426722948
-3.96739673967397	0.299448027788677
-3.90339033903390	0.197776014976347
-3.79137913791379	0.185220885258024
-3.64736473647365	0.182922255706890
-3.58535853585359	0.190880126322946
-3.56535653565357	0.157490909701782
-3.53735373537354	0.255275738707630
-3.46934693469347	0.308546960311308
-3.41934193419342	0.358892064245596
-3.34733473347335	0.390210045493447
-3.25532553255326	0.474922792931944
-3.15931593159316	0.465019563995591
-3.12731273127313	0.439553875162923
-3.01730173017302	0.397409337064590
-2.78927892789279	0.292456553453373
-2.76527652765277	0.234588072747429
-2.75127512751275	-1.48075943878955
-2.71927192719272	0.201003276771909
-2.69126912691269	0.168851684071095
-2.53325332533253	0.156400683055943
-2.43524352435244	0.154102053504810
-2.31123112311231	0.131184136750941
-2.14921492149215	0.149504794402543
-1.90519051905190	0.147206164851409
-1.76517651765177	0.155059906764294
-1.68316831683168	0.132352405581953
-1.58915891589159	0.130053776030819
-1.45514551455146	0.106921059576844
-1.18911891189119	0.0940403206951732
-1.17911791179118	0.0257837233522427
-1.12311231123112	-0.0112004641867811
-1.00510051005100	-0.0253335513849176
-0.981098109810981	-0.0639998251069258
-0.741074107410741	-0.0540283620662452
-0.675067506750676	-0.119240817027948
-0.619061906190620	0.500690108204082
-0.579057905790579	-0.150155384447589
-0.317031703170317	-0.165877034330863
-0.293029302930293	-0.141507416799834
-0.271027102710271	-0.157051273100989
-0.185018501850186	-0.159349902652123
-0.165016501650165	-0.135331223885883
0.0290029002900294	-0.0747160280264470
0.0570057005700573	-0.0178257861872502
0.0590059005900585	1.14424287871537
0.0910091009100906	0.0114785063861644
0.157015701570158	0.0202297130216160
0.245024502450246	0.0503663592236365
0.299029902990299	0.0794839259058815
0.401040104010400	0.0874417965219374
0.425042504250426	0.0748866668036143
0.521052105210520	0.0411718410191018
0.615061506150616	0.0599266206658009
0.669066906690668	0.0258792928000871
0.867086708670867	0.0235806632489535
1.02310231023102	0.0425594321451053
1.08510851085109	-0.0249797192744294
1.29712971297130	-0.0161050482274376
1.34913491349135	-0.0755620916185200
1.35713571357136	-0.0896951788166565
1.36713671367137	-0.0684633109575961
1.51915191519152	-0.0364728670300973
1.68516851685169	0.705075914305167
1.93119311931193	-0.0410701261323645
1.94519451945195	-0.0321954550853723
1.95319531953195	-0.103486956123457
2.09520952095209	-0.0706942658633212
2.33923392339234	-0.0845537178155307
2.36523652365237	-0.122359035823574
2.55125512551255	-0.136779025907052
2.55525552555256	-0.151347748050000
2.65726572657266	-0.141376285009319
2.79327932793279	-0.107742905334390
3.13531353135314	-0.0640564216436994
3.22132213221322	-0.0685094338270616
3.28732873287329	-0.0574803801478412
3.30533053305331	-0.0709523102971001
3.56335633563356	-0.0732509398482337
3.81338133813381	-0.0982778204769237
3.85138513851385	-0.0666748983523755
3.86138613861386	-0.114435901980267
3.95739573957396	-0.105173709130324
3.97739773977398	-0.119033161082533
4.01340134013401	-0.0870427171550348
4.04740474047405	-0.0561891393892680
4.10341034103410	0.0248938399986498
4.11541154115412	0.108772906688568
4.20142014201420	-0.458612806791557
4.44144414441444	0.131326636652252
4.46744674467447	0.129028007101118
4.61546154615462	0.117760707567225
4.83548354835484	0.115462078016091
4.97349734973497	0.148565375515874
5.09550955095510	0.119833488896584
5.55755575557556	0.0903838702795001
5.63556355635564	0.0601764526112900
5.76357635763576	0.0291677171777249
5.86958695869587	0.0171129126812266
5.97559755975598	-0.0150386800195879
6.02960296029603	-0.00728697371721943
6.13761376137614	-0.0504075977886083
6.21562156215622	-0.0952658417585379
6.41164116411641	-0.0654761567581708
6.45764576457646	-0.133015308177705
6.56965696569657	-0.158042188806395
6.60966096609661	-0.148912122533906
6.61966196619662	-0.185896310072930
6.89168916891689	-0.188194939624063
6.89368936893689	-0.226425578401260
6.98569856985699	-0.216602847420048
7.04570457045704	-0.195090828277464
7.21972197219722	-0.151404344586774
7.24972497249725	-0.0990445616000431
7.36373637363736	-0.0196651601369098
7.51375137513751	0.0351946241519054
7.62176217621762	0.210577171838224
7.65576557655766	0.325199880345993
7.81378137813782	0.356802802470541
7.84378437843784	0.361148715638076
7.92779277927793	0.338782523036133
7.99779977997800	0.329704206499621
8.01980198019802	0.320579611878088
8.13381338133813	0.331886634382732
8.31783178317832	0.252356656895609
8.65586558655865	0.242731987252403
8.70387038703871	0.233053250403647
8.76187618761876	0.200677165615235
8.94189418941894	0.175211476782567
8.97389738973897	0.157164490263294
9.05190519051905	0.130768309133101
9.07590759075908	0.0869699486752142
9.14991499149915	0.101478437440462