-9.79797979797980	0.827654881120667
-9.39393939393939	0.462921031956663
-8.98989898989899	-0.0123403986508198
-8.58585858585859	-0.484655420858666
-8.18181818181818	-0.841253532831182
-7.77777777777778	-0.996992941167792
-7.37373737373737	-0.914689117729595
-6.96969696969697	-0.613993022227202
-6.56565656565657	-0.166699215484298
-6.16161616161616	0.320395896112107
-5.75757575757576	0.730992898836673
-5.35353535353535	0.967057159293574
-4.94949494949495	0.972225691201415
-4.54545454545455	0.745264449675755
-4.14141414141414	0.340362973267495
-3.73737373737374	-0.145803975329741
-3.33333333333333	-0.597158591702786
-2.92929292929293	-0.905934905681311
-2.52525252525253	-0.998409113775928
-2.12121212121212	-0.852501963023346
-1.71717171717172	-0.503050419935603
-1.31313131313131	-0.0334899545450752
-0.909090909090908	0.444066612605775
-0.505050505050505	0.815597302116854
-0.101010101010100	0.992395000444163
0.303030303030303	0.932247276844826
0.707070707070708	0.649515074027939
1.11111111111111	0.211703872229411
1.51515151515152	-0.276654000306528
1.91919191919192	-0.698957631536346
2.32323232323232	-0.954377299385551
2.72727272727273	-0.981928697262707
3.13131313131313	-0.775033620328259
3.53535353535353	-0.383090585580820
3.93939393939394	0.100319617376805
4.34343434343434	0.559777388030531
4.74747474747475	0.885582037364090
5.15151515151515	0.999944056091915
5.55555555555556	0.875558231302091
5.95959595959596	0.542123071878004
6.36363636363636	0.0792499568567898
6.76767676767677	-0.402544973023122
7.17171717171717	-0.788227781787223
7.57575757575757	-0.985712378905470
7.97979797979798	-0.947847104839823
8.38383838383838	-0.683672717893011
8.78787878787879	-0.256263811900463
9.19191919191919	0.232330949530805
9.59595959595960	0.665454094480174
10	0.939692620785908