-1.23115577889447	-0.0538350861640401
-1.15577889447236	-0.0323619974283986
-1.08040201005025	-0.0147028796413102
-1.00502512562814	-0.000797289655282754
-0.929648241206031	0.00953120565197438
-0.854271356783920	0.0165598736117521
-0.778894472361809	0.0206495304772198
-0.703517587939698	0.0222256612809405
-0.628140703517588	0.0217585064141021
-0.552763819095477	0.0197426899400663
-0.477386934673367	0.0166769644806012
-0.402010050251256	0.0130446338831764
-0.326633165829146	0.00929518822900937
-0.251256281407035	0.00582764678359044
-0.175879396984925	0.00297605419002228
-0.100502512562814	0.000997514761915632
-0.0251256281407040	6.30805579026610e-05
0.0502512562814070	0.000251732605350318
0.125628140703518	0.00154761292499307
0.201005025125628	0.00384057974046224
0.276381909547739	0.00693007135958710
0.351758793969849	0.0105321776438575
0.427135678391960	0.0142897336878462
0.502512562814070	0.0177851702142035
0.577889447236181	0.0205557810686868
0.653266331658291	0.0221110017668026
0.728643216080402	0.0219512358337823
0.804020100502513	0.0195877190370343
0.879396984924624	0.0145628766603056
0.954773869346734	0.00647060659400869
1.03015075376884	-0.00502408816331594
1.10552763819095	-0.0201666896380139
1.18090452261307	-0.0390965317378593
1.25628140703518	-0.0618324665978278
1.33165829145729	-0.0882613090071713
1.40703517587940	-0.118129481280388
1.48241206030151	-0.151038213708150
1.55778894472362	-0.186442578804598
1.63316582914573	-0.223654552479920
1.70854271356784	-0.261850203729579
1.78391959798995	-0.300081018321933
1.85929648241206	-0.337289263285845
1.93467336683417	-0.372327199836272
2.01005025125628	-0.403979854859284
2.08542713567839	-0.430990967341317
2.16080402010050	-0.452091638262125
2.23618090452261	-0.466031132485066
2.31155778894472	-0.471609210955038
2.38693467336683	-0.467709312772505
2.46231155778894	-0.453331860969120
2.53768844221106	-0.427626934349480
2.61306532663317	-0.389925531603697
2.68844221105528	-0.339768653767190
2.76381909547739	-0.276933447430075
2.83919597989950	-0.201455683979348
2.91457286432161	-0.113647899364023
2.98994974874372	-0.0141125838460589
3.06532663316583	0.0962501089483404
3.14070351758794	0.216240570834395
3.21608040201005	0.344364197185399
3.29145728643216	0.478842309712270
3.36683417085427	0.617629634780822
3.44221105527638	0.758438297525243
3.51758793969849	0.898768157671960
3.59296482412060	1.03594317745815
3.66834170854271	1.16715337794296
3.74371859296482	1.28950181003414
3.81909547738693	1.40005584334386
3.89447236180905	1.49590196213925
3.96984924623116	1.57420315564630
4.04522613065327	1.63225790212103
4.12060301507538	1.66755967453052
4.19597989949749	1.67785584224784
4.27135678391960	1.66120480942442
4.34673366834171	1.61603021789955
4.42211055276382	1.54117105151584
4.49748743718593	1.43592651002757
4.57286432160804	1.30009457450684
4.64824120603015	1.13400326195134
4.72361809045226	0.938533663939648
4.79899497487437	0.715133981515717
4.87437185929648	0.465823904462065
4.94974874371859	0.193188835807102
5.02512562814070	-0.0996363704862285
5.10050251256281	-0.408994311800042
5.17587939698493	-0.730742544455258
5.25125628140704	-1.06030146839937
5.32663316582915	-1.39271216476834
5.40201005025126	-1.72270356713000
5.47738693467337	-2.04476815680630
5.55276381909548	-2.35324519037599
5.62814070351759	-2.64241029677613
5.70351758793970	-2.90657012574125
5.77889447236181	-3.14016059185529
5.85427135678392	-3.33784714222215
5.92964824120603	-3.49462538336966
6.00502512562814	-3.60592033682490
6.08040201005025	-3.66768255477485
6.15577889447236	-3.67647931885228
6.23115577889447	-3.62957916738276