2.53768844221106	-0.427626934349480
2.61306532663317	-0.389925531603697
2.68844221105528	-0.339768653767190
2.76381909547739	-0.276933447430075
2.83919597989950	-0.201455683979348
2.91457286432161	-0.113647899364023
2.98994974874372	-0.0141125838460589
3.06532663316583	0.0962501089483404
3.14070351758794	0.216240570834395
3.21608040201005	0.344364197185399
3.29145728643216	0.478842309712270
3.36683417085427	0.617629634780822
3.44221105527638	0.758438297525243
3.51758793969849	0.898768157671960
3.59296482412060	1.03594317745815
3.66834170854271	1.16715337794296
3.74371859296482	1.28950181003414
3.81909547738693	1.40005584334386
3.89447236180905	1.49590196213925
3.96984924623116	1.57420315564630
4.04522613065327	1.63225790212103
4.12060301507538	1.66755967453052
4.19597989949749	1.67785584224784
4.27135678391960	1.66120480942442
4.34673366834171	1.61603021789955
4.42211055276382	1.54117105151584
4.49748743718593	1.43592651002757
4.57286432160804	1.30009457450684
4.64824120603015	1.13400326195134
4.72361809045226	0.938533663939648
4.79899497487437	0.715133981515717
4.87437185929648	0.465823904462065
4.94974874371859	0.193188835807102
5.02512562814070	-0.0996363704862285
5.10050251256281	-0.408994311800042
5.17587939698493	-0.730742544455258
5.25125628140704	-1.06030146839937
5.32663316582915	-1.39271216476834
5.40201005025126	-1.72270356713000
5.47738693467337	-2.04476815680630
5.55276381909548	-2.35324519037599
5.62814070351759	-2.64241029677613
5.70351758793970	-2.90657012574125
5.77889447236181	-3.14016059185529
5.85427135678392	-3.33784714222215
5.92964824120603	-3.49462538336966
6.00502512562814	-3.60592033682490
6.08040201005025	-3.66768255477485
6.15577889447236	-3.67647931885228
6.23115577889447	-3.62957916738276
6.30653266331658	-3.52502804990732
6.38190954773869	-3.36171549244119
6.45728643216081	-3.13942927218572
6.53266331658291	-2.85889724517860
6.60804020100503	-2.52181514300747
6.68341708542714	-2.13085935306324
6.75879396984925	-1.68968391821082
6.83417085427136	-1.20290123308310
6.90954773869347	-0.676046171909296
6.98492462311558	-0.115523652953487
7.06030150753769	0.471460076973364
7.13567839195980	1.07698187233623
7.21105527638191	1.69250098623895
7.28643216080402	2.30897211302266
7.36180904522613	2.91697078877582
7.43718592964824	3.50682951264622
7.51256281407035	4.06878272190187
7.58793969849246	4.59311854798139
7.66331658291457	5.07033510340582
7.73869346733668	5.49129890412368
7.81407035175879	5.84740292192081
7.88944723618091	6.13072168973293
7.96482412060302	6.33416085127192
8.04020100502513	6.45159855692690
8.11557788944724	6.47801616138060
8.19095477386935	6.40961577505801
8.26633165829146	6.24392236096085
8.34170854271357	5.97986824948259
8.41708542713568	5.61785816458012
8.49246231155779	5.15981311263488
8.56783919597990	4.60919177723090
8.64321608040201	3.97098838504017
8.71859296482412	3.25170635557932
8.79396984924623	2.45930741580432
8.86934673366834	1.60313624390164
8.94472361809045	0.693821099400018
9.02010050251256	-0.256848707244666
9.09547738693467	-1.23606725945292
9.17085427135678	-2.23017676404408
9.24623115577889	-3.22485056813702
9.32160804020101	-4.20529212058415
9.39698492462312	-5.15644721785145
9.47236180904523	-6.06322659105988
9.54773869346734	-6.91073564712556
9.62311557788945	-7.68450797744056
9.69849246231156	-8.37073909659319
9.77386934673367	-8.95651677482592
9.84924623115578	-9.43004428410895
9.92462311557789	-9.78085289089713
10	-10