-11.8415841584158	0.349521820561156
-11.8391839183918	0.347501150423646
-11.7983798379838	0.341149390506725
-11.7863786378638	0.350155589763606
-11.7599759975998	0.366564869473547
-11.6279627962796	0.375668184396891
-11.5991599159916	0.357706568809253
-11.5223522352235	0.375001289344888
-11.4647464746475	0.381828178540150
-11.3495349534954	0.399611294664528
-11.2919291929193	0.390558074667825
-11.0855085508551	0.422071658963007
-10.9438943894389	0.426020516453643
-10.7950795079508	0.451956350911274
-10.6006600660066	0.460336470671708
-10.5142514251425	0.478716906924896
-10.5046504650465	0.472543794148828
-10.4302430243024	0.480724621654087
-10.3702370237024	0.479637209738589
-10.1686168616862	0.486591551557533
-9.83738373837384	0.514553353134061
-9.73657365736574	0.513562769569389
-9.66456645664566	0.509313969236499
-9.50615061506151	0.527771468865487
-9.26612661266127	0.539731509122978
-9.16771677167717	0.557156137378729
-9.11731173117312	0.527805435400173
-8.95649564956496	0.529414154969322
-8.91329132913291	0.516551793149078
-8.88928892889289	0.524902257720815
-8.81488148814882	0.532826984283682
-8.55565556555656	0.526155670994512
-8.37083708370837	0.547676909815768
-8.30363036303630	0.510648786145785
-8.13321332133213	0.517304266176630
-8.02040204020402	0.499902505720027
-7.96279627962796	0.521873775226297
-7.82118211821182	0.492713222467325
-7.63636363636364	0.554540059847857
-7.56915691569157	0.547071541170861
-7.49954995499550	0.623477556519385
-7.43234323432343	0.492198725318176
-7.27392739273927	0.468811167359830
-7.19471947194719	0.404038792466785
-7.17551755175518	0.421173733181688
-7.09390939093909	0.429425135395401
-7.02670267026703	0.898941542915366
-6.82268226822682	0.486836220736357
-6.64746474647465	0.435848979403459
-6.46504650465047	0.375758012626685
-6.38343834383438	0.374290535503771
-6.29702970297030	0.382788082200931
-6.04500450045005	0.233257848456677
-5.95859585958596	0.436718247225652
-5.80498049804980	0.255611129330737
-5.39933993399340	0.463466523640055
-5.21932193219322	0.571467750015588
-5.18571857185719	0.339194506434580
-5.02730273027303	0.435569448602800
-4.83528352835284	0.440102797218945
-4.81848184818482	0.515261657506725
-4.77527752775278	0.396426957500710
-4.68886888688869	0.413638386971365
-4.54965496549655	0.316819418512727
-4.39123912391239	0.290395922998238
-4.37203720372037	0.284826285998069
-4.08640864086409	0.307143724929331
-4.06720672067207	0.312304243983967
-3.92079207920792	0.334489747878517
-3.87998799879988	0.267339306113502
-3.81518151815182	0.299992900287929
-3.72637263726373	0.266150684377376
-3.56075607560756	0.263284209075974
-3.53915391539154	0.250124887195225
-3.51755175517552	0.257349504566680
-3.43834383438344	0.242971051665189
-3.24632463246325	0.243255432939009
-3.22712271227123	0.217789128301243
-2.96789678967897	0.220737121538903
-2.86708670867087	0.193384273618109
-2.85268526852685	0.191536396957282
-2.81908190819082	0.188822184219143
-2.81428142814282	0.190093942088361
-2.61026102610261	0.183745150030742
-2.60066006600660	0.194659071140071
-2.48304830483048	0.163096370379124
-2.25502550255026	0.156328951582539
-2.01260126012601	0.132878689929127
-2.00540054005401	0.145549872303661
-1.95979597959796	0.140553607067380
-1.87818781878188	0.128557553368069
-1.78697869786979	0.119781151216187
-1.71977197719772	0.110932917268884
-1.71497149714972	0.102663162383561
-1.53975397539754	0.0904274579667185
-1.44854485448545	0.0685297629724714
-1.38373837383738	0.109218094973407
-1.34533453345334	0.0782653408956105
-1.28772877287729	0.0980387000782109
-1.24692469246925	0.0799345251602862
-1.20612061206121	0.0648520918626878
-0.990099009900991	0.0563199570862409
-0.877287728772878	0.0542253176838006
-0.718871887188719	0.0327395159955483
-0.476447644764477	0.0220335163307841
-0.433243324332434	0.0253634331940850
-0.229222922292228	-0.00515167963952363
-0.147614761476147	-0.00238512148341320
0.385238523852385	-0.00826298035501413
0.481248124812481	-0.0148316208574914
0.632463246324633	-0.0211441224761548
0.877287728772878	-0.0234024204616807
0.934893489348935	-0.0408925890533170
0.987698769876987	-0.0418008371338390
1.05730573057306	-0.0163643206987982
1.10051005100510	-0.0438221656538526
1.26372637263726	-0.0492229064908795
1.31173117311731	-0.0408883015697689
1.35493549354936	-0.0452727602887119
1.52055205520552	-0.0495717280183256
1.61416141614161	-0.0478842034959892
1.70297029702970	-0.0645315776200719
1.76777677767777	-0.0450653611089769
1.77497749774978	-0.0436169660824311
1.78937893789379	-0.0465146236004301
1.79657965796580	-0.0552796466694158
1.84218421842184	-0.0790848919067557
1.86618661866187	-0.0564580784554462
1.93339333933393	-0.0556438778381374
2.03900390039004	-0.0435097402845784
2.07740774077408	-0.126237352765331
2.10381038103810	-0.0305593296361858
2.49504950495050	-0.0566270031932633
2.56465646564656	-0.0962215090608575
2.64386438643864	-0.123598491200648
3.40954095409541	0.0646341719737896
3.45754575457546	0.119680471774127
3.70477047704770	0.187052059545270
3.83918391839184	-0.0370298484284035
3.84638463846385	-0.0901277374960116
3.98319831983198	0.0642989528426644
4.04800480048005	0.176529769020258
4.17041704170417	0.303782378281443
4.20642064206421	0.612775826342894
4.28082808280828	-0.0739657514699182
4.68886888688869	-0.470036969740081
4.70567056705671	0.213867825976371
5.07050705070507	0.434400496285242
5.13051305130513	0.437256357629398
5.58655865586559	0.485258884489587
5.66096609660966	-0.0394355292908701
6.04500450045005	0.548665168699518
6.08100810081008	-0.0730347182746502
6.13621362136214	0.520579365729102
6.19141914191419	0.0402037358007534
6.41464146414641	0.278044404184390
6.49384938493849	0.574999829236356
6.59465946594660	0.240942521594150
6.61626162616262	0.246872645888773
6.65226522652265	0.308795565057271
6.92589258925893	0.546130608061788
6.97149714971497	0.449556904278026
7.01950195019502	0.470535607893235
7.19951995199520	0.771649183246078
7.34593459345935	0.440652501910709
7.40594059405941	0.553123809596012
7.53075307530753	0.525342047845458
7.57395739573957	0.535623891549992
7.64356435643564	0.624374767639598
7.73717371737174	0.647323147814430
7.73957395739574	0.689964697882665
7.80918091809181	0.748639077163895
7.98679867986799	0.734661744451909
8.01080108010801	0.754131815687065
8.03240324032403	0.733877390593589
8.24842484248425	0.819992546151437
8.25082508250825	0.846902556361973
8.31803180318032	0.838971925919414
8.39003900390039	0.890028968963656
8.57725772577258	0.917534858586271
8.69486948694869	0.981549166420974
8.69726972697270	0.978224815536031
8.78367836783679	1.00929417449900
8.81248124812481	1.02339511464425
8.87728772877288	1.03031971036868
9.03810381038104	1.10521953093202
9.04290429042904	1.09103645644600
9.08610861086109	1.11139132137032
9.10291029102910	1.14043386266499
9.27812781278128	1.20237448150691
9.33813381338134	1.21276241790953
9.38853885388539	1.24341611570480
9.39573957395740	1.23889490358484
9.53975397539754	1.31137700890020
9.59975997599760	1.32687735757670
9.79177917791779	1.39835177158390
9.79417941794180	1.41237765256793
10.0150015001500	1.49814409142858
10.3342334233423	1.66083520112394
10.4686468646865	1.72094773825255