-11.8991899189919	0.330650275285136
-11.7983798379838	0.343360712820173
-11.7959795979598	0.335752464575426
-11.6495649564956	0.378274852301235
-11.6231623162316	0.366757160032865
-11.5919591959196	0.366481744257581
-11.4215421542154	0.390876052974795
-11.2655265526553	0.405472005987764
-11.0567056705671	0.423412971673813
-11.0183018301830	0.432368325580495
-10.5022502250225	0.474706381196266
-10.3462346234623	0.475902130209495
-10.3126312631263	0.483848504903539
-10.2478247824782	0.478147141639373
-10.1470147014701	0.496212062069758
-10.0150015001500	0.499875339091805
-9.93099309930993	0.489087564588835
-9.80618061806181	0.500654544639142
-9.67176717671767	0.506258541565383
-9.66216621662166	0.507267375466155
-9.60936093609361	0.504449704323523
-9.59495949594960	0.516725492528434
-9.56375637563756	0.513489780278207
-9.12211221122112	0.549338877157067
-9.03570357035704	0.536234083179548
-8.95409540954096	0.542209730000654
-8.76207620762076	0.534409272686988
-8.73807380738074	0.544724222905091
-8.67326732673267	0.540377638872255
-8.57005700570057	0.522562700633945
-8.54125412541254	0.533037648016477
-8.53165316531653	0.525149973798058
-8.52925292529253	0.549406457549209
-8.33963396339634	0.566091332140431
-8.10201020102010	0.526577095369783
-8.05400540054006	0.523109327031137
-7.98679867986799	0.503647915197686
-7.96039603960396	0.475557344016196
-7.68436843684368	0.580038147425621
-7.67716771677168	0.532950039626524
-7.65796579657966	0.671715496040378
-7.59315931593159	0.539061399805170
-7.43474347434743	0.629546092752550
-7.43234323432343	0.487810395661155
-7.20672067206721	0.487690415906228
-6.88028802880288	0.277481760262396
-6.82268226822682	0.733419933382227
-6.74827482748275	0.522110256899921
-6.72907290729073	0.272522893447018
-6.67626762676268	0.792630699004329
-6.48904890489049	0.638301624871752
-6.24422442244224	0.443073398553130
-6.14581458145815	0.0572381494217411
-6.14101410141014	0.280400577184362
-6.07380738073807	0.236397335939716
-6.00660066006601	0.568451240727090
-5.70657065706571	0.478864503533831
-5.64656465646565	0.317612414863361
-5.55295529552955	0.452303137581190
-5.52655265526553	0.569493686596253
-5.44254425442544	0.506045136064824
-5.26492649264926	0.461196660742529
-5.10171017101710	0.360425742840102
-5.09210921092109	0.321910250303668
-4.97689768976898	0.352703881944000
-4.87128712871287	0.355277189709408
-4.76807680768077	0.363620682098253
-4.74647464746475	0.363080258959830
-4.72487248724872	0.353199076845835
-4.54005400540054	0.330037533591936
-4.29042904290429	0.323582540928157
-4.28082808280828	0.317777956117916
-4.00720072007201	0.298975487688751
-3.98559855985599	0.303737719244857
-3.97359735973597	0.296847284090511
-3.89438943894390	0.276882140941905
-3.86318631863186	0.281275913691272
-3.56555655565557	0.264671452033896
-3.43594359435944	0.246129262870651
-3.35913591359136	0.246287609457705
-3.31353135313531	0.230761138712469
-3.16951695169517	0.221287309178962
-2.98469846984698	0.209538740879726
-2.92949294929493	0.216968641569247
-2.91029102910291	0.220284088176821
-2.90309030903090	0.215851732507144
-2.86228622862286	0.199737501216052
-2.85508550855086	0.196761883945322
-2.67266726672667	0.188550473886292
-2.53825382538254	0.164424513837569
-2.37743774377438	0.161346257755510
-2.34383438343834	0.147706238803948
-2.19981998199820	0.147853648141782
-2.19741974197420	0.154218274637093
-2.17341734173417	0.151767276990889
-2.01740174017402	0.148633517993172
-1.75337533753375	0.123328480144936
-1.72697269726973	0.111766916227749
-1.65496549654966	0.100980133059519
-1.53255325532553	0.0781847764488742
-1.50135013501350	0.0961942751943444
-1.27572757275728	0.0693609059329388
-1.03090309030903	0.0623663997458835
-0.978097809780978	0.0614504081535054
-0.954095409540955	0.0465349675168604
-0.694869486948695	0.0458341911935483
-0.582058205820582	0.0277398824748879
-0.478847884788479	0.0198545821082059
-0.178817881788179	0.0178371923942394
-0.147614761476147	0.0117017392409930
-0.130813081308132	0.00515755041072918
-0.114011401140115	0.0279210226246326
-0.00120012001200109	-0.0184180073370796
0.109210921092108	-0.0164380254873823
0.138013801380138	-0.0126055612109022
0.147614761476147	-0.0109829586140855
0.222022202220222	-0.0145151192588466
0.248424842484248	-0.0178888023691120
0.330033003300331	-0.00535934828977391
0.349234923492348	-0.00369508059780717
0.488448844884488	-0.0260818060256522
0.512451245124513	-0.0146351244020293
0.596459645964597	-0.0384695690057981
0.778877887788779	-0.0211443991768997
0.966096609660966	-0.0314670365689946
1.01890189018902	-0.0373213871674486
1.02610261026103	-0.0300331413020855
1.04290429042904	-0.0700045900598761
1.05250525052505	-0.0188571726909407
1.30693069306931	-0.0587341879889526
1.53975397539754	0.0208432136347072
1.69096909690969	-0.170590563740070
1.85658565856586	-0.0336492375069780
1.98379837983798	-0.0671141050214330
2.01500150015002	-0.126625804885468
2.06540654065407	-0.117878925768953
2.13981398139814	-0.170297684668226
2.14221422142214	0.151697071384523
2.22862286228623	-0.0705279763464197
2.42544254425443	0.170234707327940
2.44944494449445	0.142482600881134
2.45184518451845	-0.107906180608152
2.45664566456646	-0.232071455993226
2.47824782478248	-0.432027455728062
2.50705070507051	0.361460839585913
2.70867086708671	-0.258512782986895
3.05430543054306	0.0151367352432655
3.16231623162316	-0.740195811219605
3.17671767176718	-0.312439295000788
3.21272127212721	-0.113820871359571
3.34473447344734	-0.332440015431758
3.37833783378338	0.0673914679519048
3.47914791479148	0.564791380574279
3.55115511551155	0.0375922795146451
3.63996399639964	-0.780628167701843
3.73597359735974	0.356616632500972
3.77197719771977	-0.305471321562488
3.84878487848785	-0.164926457694220
4.03120312031203	0.273671143872653
4.28322832283228	-0.218220887362191
4.54485448544855	0.198240559657764
4.75607560756076	0.00565169151780465
4.84008400840084	0.00164210263190424
4.96969696969697	0.00846088947277401
5.03210321032103	0.285944187762100
5.26492649264927	0.212924062846042
5.52415241524152	0.238530604580637
5.85298529852985	0.237699954526058
5.97059705970597	0.330249946862450
6.42424242424243	0.379834998975609
6.45784578457846	0.361490519901526
6.50105010501050	0.353275741190520
6.53705370537054	0.379275050326784
6.74827482748275	0.438236328989477
7.01710171017102	0.485525000310423
7.10591059105911	0.515708625660439
7.11791179117912	0.524386870311923
7.27872787278728	0.559869825508433
7.42514251425143	0.585926635937467
7.43714371437144	0.589740417898430
7.51635163516352	0.608065487978312
7.56915691569157	0.612064398174826
7.74437443744375	0.664362160621686
7.80438043804380	0.702826226269565
8.08760876087609	0.779492826660841
8.29882988298830	0.826509004911413
8.44284428442844	0.897370569718278
8.60606060606061	0.938529709136740
8.64926492649265	0.954973895982319
8.73327332733273	1.00432229764256
8.78367836783679	1.00793534792766
8.93969396939694	1.07302802541577
9.17491749174917	1.14706527579923
9.25892589258926	1.18192513760109
9.29972997299730	1.19887004798341
9.65256525652565	1.36792476716808
9.66696669666967	1.36068135971722
9.73897389738974	1.38412873876671
9.75817581758176	1.39277740576512
9.77977797779778	1.41089001493344