-11.7551755175518	0.350759721531428
-11.7383738373837	0.341339076018531
-11.6591659165917	0.377845481381327
-11.6399639963996	0.365998381128508
-11.5175517551755	0.362696038622620
-11.3783378337834	0.392316823072264
-11.3543354335434	0.391595339349811
-11.1623162316232	0.418949065134812
-11.1431143114311	0.412796287187527
-10.6294629462946	0.450833667793166
-10.4950495049505	0.462413623678635
-10.4782478247825	0.471746826567002
-10.3342334233423	0.498833030536543
-10.3270327032703	0.492559272009982
-10.1422142214221	0.477417928209995
-10.0846084608461	0.487634557160630
-9.79657965796580	0.508073993138055
-9.72217221722172	0.515910011030920
-9.68616861686169	0.515407221905423
-9.65016501650165	0.509337198779833
-9.64536453645365	0.521004027930521
-9.61176117611761	0.533440880894410
-9.33333333333333	0.529437711812519
-9.23492349234924	0.535714239310785
-9.06690669066907	0.540588958794944
-8.97329732973297	0.525667783122079
-8.93009300930093	0.524444539059605
-8.78367836783678	0.525247536639178
-8.77647764776478	0.500712266129648
-8.74767476747675	0.541733081523056
-8.69726972697270	0.540999466304043
-8.60126012601260	0.547779492140596
-8.49804980498050	0.521601649359771
-8.40684068406841	0.577827302971165
-8.39243924392439	0.564619557159050
-8.31803180318032	0.544749591768122
-8.31563156315632	0.528392064527314
-8.28682868286829	0.525678872611700
-8.27242724272427	0.484933159675286
-8.23402340234024	0.648975280971273
-8.20282028202820	0.528396212840042
-8.14281428142814	0.497397543193374
-7.89558955895590	0.575681711599186
-7.68196819681968	0.259740925534106
-7.66036603660366	0.597725425443291
-7.48034803480348	0.385400634176989
-7.37473747374737	0.553094099030284
-7.36753675367537	0.335663007134641
-6.90909090909091	0.278187038567092
-6.75787578757876	0.512021752493270
-6.68106810681068	0.187004844140235
-6.64266426642664	0.401752998820963
-6.58505850585059	0.588483076335416
-6.42904290429043	0.517334717365417
-6.42424242424242	0.465300995659706
-6.36663666366637	0.566352117453265
-6.09300930093009	0.389885114960650
-5.97779777977798	0.490148245625782
-5.81698169816982	0.373337251634670
-5.71617161716172	0.525949145080958
-5.69216921692169	0.619767635069195
-5.65616561656166	0.466896152912734
-5.65136513651365	0.508760779382920
-5.61536153615362	0.466714824550083
-5.59855985598560	0.471305975083255
-5.52655265526553	0.407805665304436
-5.44974497449745	0.436790608916448
-5.35853585358536	0.373610353790963
-5.35373537353735	0.421917760938200
-5.04890489048905	0.394331354566788
-5.01770177017702	0.371281331998716
-4.81368136813681	0.367992618991188
-4.58085808580858	0.345787444719262
-4.42004200420042	0.320576910574119
-4.39843984398440	0.329496028515408
-4.11281128112811	0.296712943699371
-3.92319231923192	0.288413518829295
-3.89918991899190	0.281051982585973
-3.58955895589559	0.247065703390508
-3.55835583558356	0.256099093316065
-3.54395439543954	0.259834879408819
-3.52475247524752	0.246668605404200
-3.47674767476748	0.245544700369776
-3.23672367236724	0.230537421192512
-3.02550255025503	0.217228435797381
-2.97749774977498	0.204612591909611
-2.83828382838284	0.207999150479017
-2.82388238823882	0.174114216713941
-2.80948094809481	0.211042912071455
-2.71347134713471	0.176790268231633
-2.65346534653465	0.179282864657621
-2.47824782478248	0.160543400507187
-2.33663366336634	0.159079712586456
-2.24302430243024	0.164421261213359
-2.09660966096610	0.109344980163942
-2.00780078007801	0.124479768773276
-1.82058205820582	0.114453939497216
-1.60936093609361	0.114210921117206
-1.60696069606961	0.0945683667426505
-1.60456045604560	0.101433462818038
-1.53735373537354	0.102150500386287
-1.30693069306931	0.0749041907849473
-1.28532853285328	0.0856667344017355
-1.22772277227723	0.0714258345269964
-1.22052205220522	0.0846920465716377
-1.13171317131713	0.0628209611322495
-1.11011101110111	0.0682994711254663
-1.04770477047705	0.0815465959949111
-0.978097809780978	0.0532668793362318
-0.908490849084908	0.0703950470321369
-0.901290129012901	0.0589267545700081
-0.692469246924693	0.0434937720845241
-0.687668766876687	0.0313761421930878
-0.572457245724573	0.0345287395030316
-0.428442844284428	0.0341905872867970
-0.219621962196220	0.00573057942773222
-0.0180018001800182	-0.00430045286224133
0.0708070807080716	0.0109337821494775
0.0972097209720975	-0.00137948580402285
0.159615961596160	-0.0113557997226098
0.174017401740175	-0.00282080276606515
0.226822682268226	-0.0169155578235479
0.421242124212421	-0.0118982930293963
0.531653165316532	-0.0221133982668299
0.786078607860786	-0.00861832217815757
0.790879087908792	-0.0306120061452600
0.949294929492949	-0.0190849582165575
1.01890189018902	-0.0453790097208591
1.09570957095710	-0.0496724500453685
1.28052805280528	-0.00604683030152490
1.50375037503750	-0.0756618490423848
1.56615661566157	-0.0891335057706725
1.76777677767777	0.0106473286344706
1.83018301830183	-0.0165977344547024
1.84458445844584	0.00315468425129097
1.90939093909391	-0.103102594394548
2.09900990099010	-0.199807349089365
2.40624062406241	0.0417644446375911
2.41584158415842	0.0634926137437343
2.80228022802280	-0.0109235222739643
2.87428742874288	0.0566262801218375
2.88868886888689	-0.108874103160703
2.91269126912691	0.00891432174742024
2.94869486948695	-0.432822398102766
3.00870087008701	0.00320548075607342
3.05910591059106	0.301111859350089
3.07350735073507	-0.433050544049355
3.26312631263126	0.389487029758622
3.46954695469547	0.117407746468153
3.60876087608761	-0.292542311424782
3.80318031803180	0.400656083183733
3.93039303930393	0.170932537952650
4.06720672067207	0.0295684354389420
4.17041704170417	-0.696493740299654
4.27602760276028	-0.150123630192635
4.56165616561656	-0.744587218086644
4.70087008700870	-0.263112151221135
4.77767776777678	0.288725523253497
4.94809480948095	0.167207965139719
5.05370537053705	0.446393304231185
5.10651065106511	-0.200227600080005
5.49534953495349	0.0837717223521970
5.56975697569757	0.00182817988808012
5.59615961596160	0.175296015568169
5.70177017701770	0.394458299819613
5.70417041704171	0.210539096206232
5.70897089708971	0.294701352252269
5.85058505850585	0.218331617550308
5.90819081908191	0.265349654442178
5.95139513951395	0.248856906512588
5.95859585958596	0.296677441696679
6.04980498049805	0.316477371752196
6.27542754275428	0.354625326986237
6.41944194419442	0.361721913163793
6.56825682568257	0.374474181764307
6.59225922592259	0.396757226379201
6.59705970597060	0.405382571212396
6.74107410741074	0.422515715952885
6.76027602760276	0.438975848799752
6.82268226822682	0.434902637556527
7.01710171017102	0.494897344567616
7.37953795379538	0.590925051594175
7.45154515451545	0.608589100716839
7.50435043504351	0.620097836428523
7.57155715571557	0.620830757461416
7.65556555655565	0.648795495991785
7.69636963696370	0.671973430629244
7.70597059705971	0.656709800977983
7.71797179717972	0.657733171637998
7.72517251725173	0.664145431412258
7.92439243924392	0.723442779812781
8.02040204020402	0.759909245198613
8.51965196519652	0.913103782644635
8.57725772577258	0.934291633885211
9.15091509150915	1.13765764872058
9.22052205220522	1.18494698502869
9.32613261326133	1.22643950983510
9.46534653465347	1.26388329327588
9.66216621662166	1.36109114240397
9.69336933693369	1.35822753484099